182 102 548 102 548 469 182 469 Trash 0
310 104 413 104 413 237 310 237 Crab 0
397 72 463 72 463 136 397 136 Crab 0
460 77 508 77 508 186 460 186 Crab 0
501 157 545 157 545 231 501 231 Crab 0
475 0 589 0 589 77 475 77 Crab 0
598 5 638 5 638 80 598 80 Crab 0
548 81 612 81 612 241 548 241 Crab 0
447 300 493 300 493 366 447 366 Crab 0
505 388 535 388 535 455 505 455 Crab 0
381 299 412 299 412 353 381 353 Crab 0
307 283 376 283 376 402 307 402 Crab 0
362 390 409 390 409 471 362 471 Crab 0
445 440 524 440 524 564 445 564 Crab 0
302 447 357 447 357 548 302 548 Crab 0
210 479 283 479 283 590 210 590 Crab 0
195 595 268 595 268 640 195 640 Crab 0